xflr5 v6.61

Plane name :        4
Polar name :        T1-50.0 m/s-VLM2
Freestream speed :  50.000 m/s


   alpha      Beta       CL          CDi        CDv        CD         CY         Cl         Cm         Cn        Cni       QInf        XCP
  -23.250     0.000  -1.025780   0.147120   0.016465   0.163585  -0.000000   0.000000   0.244402   0.000000  -0.000000   50.0000     0.2113
  -23.200     0.000  -1.023994   0.146592   0.016308   0.162899  -0.000000   0.000000   0.244000   0.000000  -0.000000   50.0000     0.2112
  -23.150     0.000  -1.022206   0.146063   0.016205   0.162268  -0.000000   0.000000   0.243605   0.000000  -0.000000   50.0000     0.2112
  -23.100     0.000  -1.020416   0.145535   0.016114   0.161649  -0.000000   0.000000   0.243212   0.000000  -0.000000   50.0000     0.2111
  -23.050     0.000  -1.018623   0.145007   0.016032   0.161039  -0.000000   0.000000   0.242819   0.000000  -0.000000   50.0000     0.2111
  -23.000     0.000  -1.016828   0.144480   0.015953   0.160433  -0.000000   0.000000   0.242426   0.000000  -0.000000   50.0000     0.2110
  -22.950     0.000  -1.015032   0.143953   0.015874   0.159827  -0.000000   0.000000   0.242032   0.000000  -0.000000   50.0000     0.2110
  -22.900     0.000  -1.013233   0.143427   0.015801   0.159228  -0.000000   0.000000   0.241638   0.000000  -0.000000   50.0000     0.2109
  -22.850     0.000  -1.011431   0.142901   0.015731   0.158631  -0.000000   0.000000   0.241244   0.000000  -0.000000   50.0000     0.2109
  -22.800     0.000  -1.009628   0.142375   0.015663   0.158038  -0.000000   0.000000   0.240850   0.000000  -0.000000   50.0000     0.2108
  -22.750     0.000  -1.007822   0.141850   0.015599   0.157448  -0.000000   0.000000   0.240456   0.000000  -0.000000   50.0000     0.2108
  -22.700     0.000  -1.006014   0.141325   0.015537   0.156861  -0.000000   0.000000   0.240061   0.000000  -0.000000   50.0000     0.2107
  -22.650     0.000  -1.004204   0.140800   0.015474   0.156275  -0.000000   0.000000   0.239665   0.000000  -0.000000   50.0000     0.2107
  -22.600     0.000  -1.002392   0.140276   0.015412   0.155689  -0.000000   0.000000   0.239269   0.000000  -0.000000   50.0000     0.2106
  -22.550     0.000  -1.000578   0.139753   0.015350   0.155103  -0.000000   0.000000   0.238872   0.000000  -0.000000   50.0000     0.2106
  -22.500     0.000  -0.998761   0.139230   0.015292   0.154522  -0.000000   0.000000   0.238474   0.000000  -0.000000   50.0000     0.2105
  -22.450     0.000  -0.996943   0.138707   0.015235   0.153943  -0.000000   0.000000   0.238077   0.000000  -0.000000   50.0000     0.2105
  -22.400     0.000  -0.995122   0.138185   0.015179   0.153364  -0.000000   0.000000   0.237678   0.000000  -0.000000   50.0000     0.2104
  -22.350     0.000  -0.993299   0.137663   0.015123   0.152786  -0.000000   0.000000   0.237279   0.000000  -0.000000   50.0000     0.2104
  -22.300     0.000  -0.991474   0.137142   0.015067   0.152209  -0.000000   0.000000   0.236879   0.000000  -0.000000   50.0000     0.2103
  -22.250     0.000  -0.989646   0.136621   0.015012   0.151633  -0.000000   0.000000   0.236479   0.000000  -0.000000   50.0000     0.2103
  -22.200     0.000  -0.987817   0.136101   0.014957   0.151058  -0.000000   0.000000   0.236078   0.000000  -0.000000   50.0000     0.2102
  -22.150     0.000  -0.985985   0.135581   0.014901   0.150482  -0.000000   0.000000   0.235676   0.000000  -0.000000   50.0000     0.2102
  -22.100     0.000  -0.984151   0.135062   0.014848   0.149909  -0.000000   0.000000   0.235274   0.000000  -0.000000   50.0000     0.2101
  -22.050     0.000  -0.982315   0.134543   0.014794   0.149337  -0.000000   0.000000   0.234871   0.000000  -0.000000   50.0000     0.2101
  -22.000     0.000  -0.980477   0.134024   0.014742   0.148766  -0.000000   0.000000   0.234467   0.000000  -0.000000   50.0000     0.2100
  -21.950     0.000  -0.978637   0.133506   0.014691   0.148197  -0.000000   0.000000   0.234063   0.000000  -0.000000   50.0000     0.2100
  -21.900     0.000  -0.976795   0.132989   0.014640   0.147629  -0.000000   0.000000   0.233658   0.000000  -0.000000   50.0000     0.2099
  -21.850     0.000  -0.974950   0.132472   0.014589   0.147061  -0.000000   0.000000   0.233252   0.000000  -0.000000   50.0000     0.2099
  -21.800     0.000  -0.973104   0.131955   0.014538   0.146493  -0.000000   0.000000   0.232846   0.000000  -0.000000   50.0000     0.2098
  -21.750     0.000  -0.971255   0.131439   0.014485   0.145925  -0.000000   0.000000   0.232439   0.000000  -0.000000   50.0000     0.2098
  -21.700     0.000  -0.969404   0.130924   0.014433   0.145357  -0.000000   0.000000   0.232031   0.000000  -0.000000   50.0000     0.2097
  -21.650     0.000  -0.967551   0.130409   0.014381   0.144790  -0.000000   0.000000   0.231622   0.000000  -0.000000   50.0000     0.2097
  -21.600     0.000  -0.965696   0.129894   0.014330   0.144225  -0.000000   0.000000   0.231213   0.000000  -0.000000   50.0000     0.2096
  -21.550     0.000  -0.963839   0.129380   0.014279   0.143660  -0.000000   0.000000   0.230803   0.000000  -0.000000   50.0000     0.2096
  -21.500     0.000  -0.961979   0.128867   0.014227   0.143094  -0.000000   0.000000   0.230392   0.000000  -0.000000   50.0000     0.2095
  -21.450     0.000  -0.960118   0.128354   0.014175   0.142529  -0.000000   0.000000   0.229981   0.000000  -0.000000   50.0000     0.2095
  -21.400     0.000  -0.958254   0.127842   0.014124   0.141966  -0.000000   0.000000   0.229568   0.000000  -0.000000   50.0000     0.2094
  -21.350     0.000  -0.956388   0.127330   0.014074   0.141404  -0.000000   0.000000   0.229156   0.000000  -0.000000   50.0000     0.2094
  -21.300     0.000  -0.954521   0.126819   0.014024   0.140843  -0.000000   0.000000   0.228742   0.000000  -0.000000   50.0000     0.2093
  -21.250     0.000  -0.952651   0.126308   0.013977   0.140285  -0.000000   0.000000   0.228329   0.000000  -0.000000   50.0000     0.2093
  -21.200     0.000  -0.950779   0.125798   0.013932   0.139729  -0.000000   0.000000   0.227915   0.000000  -0.000000   50.0000     0.2093
  -21.150     0.000  -0.948905   0.125288   0.013886   0.139174  -0.000000   0.000000   0.227500   0.000000  -0.000000   50.0000     0.2092
  -21.100     0.000  -0.947029   0.124779   0.013840   0.138619  -0.000000   0.000000   0.227084   0.000000  -0.000000   50.0000     0.2092
  -21.050     0.000  -0.945150   0.124270   0.013796   0.138066  -0.000000   0.000000   0.226668   0.000000  -0.000000   50.0000     0.2091
  -21.000     0.000  -0.943270   0.123762   0.013753   0.137515  -0.000000   0.000000   0.226252   0.000000  -0.000000   50.0000     0.2091
  -20.950     0.000  -0.941388   0.123255   0.013710   0.136965  -0.000000   0.000000   0.225834   0.000000  -0.000000   50.0000     0.2090
  -20.900     0.000  -0.939503   0.122748   0.013669   0.136417  -0.000000   0.000000   0.225417   0.000000  -0.000000   50.0000     0.2090
  -20.850     0.000  -0.937616   0.122242   0.013630   0.135872  -0.000000   0.000000   0.224999   0.000000  -0.000000   50.0000     0.2089
  -20.800     0.000  -0.935728   0.121736   0.013592   0.135328  -0.000000   0.000000   0.224580   0.000000  -0.000000   50.0000     0.2089
  -20.750     0.000  -0.933837   0.121231   0.013556   0.134787  -0.000000   0.000000   0.224161   0.000000  -0.000000   50.0000     0.2088
  -20.700     0.000  -0.931944   0.120726   0.013519   0.134246  -0.000000   0.000000   0.223741   0.000000  -0.000000   50.0000     0.2088
  -20.650     0.000  -0.930050   0.120223   0.013483   0.133705  -0.000000   0.000000   0.223320   0.000000  -0.000000   50.0000     0.2087
  -20.600     0.000  -0.928153   0.119719   0.013447   0.133166  -0.000000   0.000000   0.222899   0.000000  -0.000000   50.0000     0.2087
  -20.550     0.000  -0.926254   0.119216   0.013411   0.132628  -0.000000   0.000000   0.222477   0.000000  -0.000000   50.0000     0.2087
  -20.500     0.000  -0.924353   0.118714   0.013375   0.132090  -0.000000   0.000000   0.222055   0.000000  -0.000000   50.0000     0.2086
  -20.450     0.000  -0.922450   0.118213   0.013340   0.131553  -0.000000   0.000000   0.221632   0.000000  -0.000000   50.0000     0.2086
  -20.400     0.000  -0.920545   0.117712   0.013305   0.131017  -0.000000   0.000000   0.221208   0.000000  -0.000000   50.0000     0.2085
  -20.350     0.000  -0.918638   0.117211   0.013269   0.130481  -0.000000   0.000000   0.220783   0.000000  -0.000000   50.0000     0.2085
  -20.300     0.000  -0.916728   0.116712   0.013234   0.129946  -0.000000   0.000000   0.220358   0.000000  -0.000000   50.0000     0.2084
  -20.250     0.000  -0.914817   0.116213   0.013200   0.129412  -0.000000   0.000000   0.219932   0.000000  -0.000000   50.0000     0.2084
  -20.200     0.000  -0.912904   0.115714   0.013166   0.128880  -0.000000   0.000000   0.219506   0.000000  -0.000000   50.0000     0.2083
  -20.150     0.000  -0.910989   0.115216   0.013132   0.128349  -0.000000   0.000000   0.219079   0.000000  -0.000000   50.0000     0.2083
  -20.100     0.000  -0.909071   0.114719   0.013099   0.127818  -0.000000   0.000000   0.218651   0.000000  -0.000000   50.0000     0.2083
  -20.000     0.000  -0.905231   0.113727   0.013033   0.126760  -0.000000   0.000000   0.217793   0.000000  -0.000000   50.0000     0.2082
  -19.900     0.000  -0.901382   0.112737   0.012965   0.125702  -0.000000   0.000000   0.216933   0.000000  -0.000000   50.0000     0.2081
  -19.800     0.000  -0.897526   0.111749   0.012898   0.124648  -0.000000   0.000000   0.216070   0.000000  -0.000000   50.0000     0.2080
  -19.700     0.000  -0.893661   0.110765   0.012832   0.123596  -0.000000   0.000000   0.215204   0.000000  -0.000000   50.0000     0.2079
  -19.600     0.000  -0.889788   0.109783   0.012765   0.122548  -0.000000   0.000000   0.214336   0.000000  -0.000000   50.0000     0.2078
  -19.500     0.000  -0.885908   0.108803   0.012697   0.121500  -0.000000   0.000000   0.213464   0.000000  -0.000000   50.0000     0.2077
  -19.400     0.000  -0.882019   0.107827   0.012628   0.120455  -0.000000   0.000000   0.212590   0.000000  -0.000000   50.0000     0.2076
  -19.300     0.000  -0.878123   0.106853   0.012557   0.119409  -0.000000   0.000000   0.211713   0.000000  -0.000000   50.0000     0.2076
  -19.200     0.000  -0.874218   0.105882   0.012484   0.118366  -0.000000   0.000000   0.210833   0.000000  -0.000000   50.0000     0.2075
  -19.100     0.000  -0.870306   0.104914   0.012412   0.117325  -0.000000   0.000000   0.209950   0.000000  -0.000000   50.0000     0.2074
  -19.000     0.000  -0.866386   0.103948   0.012341   0.116289  -0.000000   0.000000   0.209065   0.000000  -0.000000   50.0000     0.2073
  -18.900     0.000  -0.862459   0.102986   0.012273   0.115258  -0.000000   0.000000   0.208177   0.000000  -0.000000   50.0000     0.2072
  -18.800     0.000  -0.858523   0.102026   0.012205   0.114231  -0.000000   0.000000   0.207287   0.000000  -0.000000   50.0000     0.2071
  -18.700     0.000  -0.854580   0.101069   0.012140   0.113209  -0.000000   0.000000   0.206395   0.000000  -0.000000   50.0000     0.2071
  -18.600     0.000  -0.850629   0.100116   0.012078   0.112193  -0.000000   0.000000   0.205500   0.000000  -0.000000   50.0000     0.2070
  -18.500     0.000  -0.846670   0.099165   0.012016   0.111181  -0.000000   0.000000   0.204603   0.000000  -0.000000   50.0000     0.2069
  -18.400     0.000  -0.842704   0.098217   0.011955   0.110172  -0.000000   0.000000   0.203704   0.000000  -0.000000   50.0000     0.2068
  -18.300     0.000  -0.838730   0.097272   0.011895   0.109167  -0.000000   0.000000   0.202802   0.000000  -0.000000   50.0000     0.2067
  -18.200     0.000  -0.834749   0.096331   0.011837   0.108168  -0.000000   0.000000   0.201897   0.000000  -0.000000   50.0000     0.2067
  -18.100     0.000  -0.830760   0.095392   0.011780   0.107172  -0.000000   0.000000   0.200991   0.000000  -0.000000   50.0000     0.2066
  -18.000     0.000  -0.826764   0.094457   0.011723   0.106180  -0.000000   0.000000   0.200081   0.000000  -0.000000   50.0000     0.2065
  -17.900     0.000  -0.822760   0.093525   0.011665   0.105190  -0.000000   0.000000   0.199169   0.000000  -0.000000   50.0000     0.2064
  -17.800     0.000  -0.818749   0.092596   0.011606   0.104202  -0.000000   0.000000   0.198255   0.000000  -0.000000   50.0000     0.2064
  -17.700     0.000  -0.814730   0.091670   0.011549   0.103220  -0.000000   0.000000   0.197338   0.000000  -0.000000   50.0000     0.2063
  -17.600     0.000  -0.810704   0.090748   0.011493   0.102241  -0.000000   0.000000   0.196418   0.000000  -0.000000   50.0000     0.2062
  -17.500     0.000  -0.806670   0.089829   0.011438   0.101266  -0.000000   0.000000   0.195497   0.000000  -0.000000   50.0000     0.2061
  -17.400     0.000  -0.802629   0.088913   0.011385   0.100298  -0.000000   0.000000   0.194573   0.000000  -0.000000   50.0000     0.2060
  -17.300     0.000  -0.798581   0.088000   0.011332   0.099333  -0.000000   0.000000   0.193647   0.000000  -0.000000   50.0000     0.2060
  -17.200     0.000  -0.794526   0.087091   0.011281   0.098372  -0.000000   0.000000   0.192718   0.000000  -0.000000   50.0000     0.2059
  -17.100     0.000  -0.790463   0.086185   0.011230   0.097415  -0.000000   0.000000   0.191787   0.000000  -0.000000   50.0000     0.2058
  -17.000     0.000  -0.786393   0.085283   0.011179   0.096462  -0.000000   0.000000   0.190854   0.000000  -0.000000   50.0000     0.2057
  -16.900     0.000  -0.782316   0.084384   0.011128   0.095512  -0.000000   0.000000   0.189918   0.000000  -0.000000   50.0000     0.2057
  -16.800     0.000  -0.778232   0.083489   0.011076   0.094565  -0.000000   0.000000   0.188979   0.000000  -0.000000   50.0000     0.2056
  -16.700     0.000  -0.774141   0.082597   0.011023   0.093620  -0.000000   0.000000   0.188038   0.000000  -0.000000   50.0000     0.2055
  -16.600     0.000  -0.770042   0.081709   0.010969   0.092678  -0.000000   0.000000   0.187095  -0.000000  -0.000000   50.0000     0.2055
  -16.500     0.000  -0.765937   0.080824   0.010915   0.091738  -0.000000   0.000000   0.186149  -0.000000  -0.000000   50.0000     0.2054
  -16.400     0.000  -0.761824   0.079943   0.010859   0.090802  -0.000000   0.000000   0.185200  -0.000000  -0.000000   50.0000     0.2053
  -16.300     0.000  -0.757705   0.079065   0.010804   0.089869  -0.000000   0.000000   0.184250  -0.000000  -0.000000   50.0000     0.2052
  -16.200     0.000  -0.753579   0.078191   0.010751   0.088942  -0.000000   0.000000   0.183297  -0.000000  -0.000000   50.0000     0.2052
  -16.100     0.000  -0.749445   0.077321   0.010697   0.088018  -0.000000   0.000000   0.182341  -0.000000  -0.000000   50.0000     0.2051
  -16.000     0.000  -0.745305   0.076454   0.010644   0.087099  -0.000000   0.000000   0.181384  -0.000000  -0.000000   50.0000     0.2050
  -15.900     0.000  -0.741158   0.075591   0.010594   0.086185  -0.000000   0.000000   0.180424  -0.000000  -0.000000   50.0000     0.2050
  -15.800     0.000  -0.737004   0.074732   0.010544   0.085276  -0.000000   0.000000   0.179463  -0.000000  -0.000000   50.0000     0.2049
  -15.700     0.000  -0.732844   0.073877   0.010498   0.084374  -0.000000   0.000000   0.178499  -0.000000  -0.000000   50.0000     0.2048
  -15.600     0.000  -0.728676   0.073025   0.010452   0.083478  -0.000000   0.000000   0.177533  -0.000000  -0.000000   50.0000     0.2048
  -15.500     0.000  -0.724502   0.072178   0.010407   0.082584  -0.000000   0.000000   0.176565  -0.000000  -0.000000   50.0000     0.2047
  -15.400     0.000  -0.720322   0.071334   0.010361   0.081695  -0.000000   0.000000   0.175594  -0.000000  -0.000000   50.0000     0.2046
  -15.300     0.000  -0.716134   0.070494   0.010316   0.080810  -0.000000   0.000000   0.174622  -0.000000  -0.000000   50.0000     0.2046
  -15.200     0.000  -0.711940   0.069658   0.010272   0.079930  -0.000000   0.000000   0.173647  -0.000000  -0.000000   50.0000     0.2045
  -15.000     0.000  -0.703533   0.067998   0.010184   0.078182  -0.000000   0.000000   0.171691  -0.000000  -0.000000   50.0000     0.2044
  -14.800     0.000  -0.695099   0.066353   0.010098   0.076451  -0.000000   0.000000   0.169726  -0.000000  -0.000000   50.0000     0.2043
  -14.600     0.000  -0.686640   0.064725   0.010013   0.074738  -0.000000   0.000000   0.167752  -0.000000  -0.000000   50.0000     0.2041
  -14.500     0.000  -0.682400   0.063917   0.009971   0.073888  -0.000000   0.000000   0.166763  -0.000000  -0.000000   50.0000     0.2041
  -14.400     0.000  -0.678155   0.063113   0.009930   0.073043  -0.000000   0.000000   0.165770  -0.000000  -0.000000   50.0000     0.2040
  -14.200     0.000  -0.669645   0.061518   0.009848   0.071366  -0.000000   0.000000   0.163780  -0.000000  -0.000000   50.0000     0.2039
  -14.000     0.000  -0.661110   0.059939   0.009769   0.069709  -0.000000   0.000000   0.161782  -0.000000  -0.000000   50.0000     0.2038
  -13.800     0.000  -0.652550   0.058378   0.009691   0.068069  -0.000000   0.000000   0.159775  -0.000000  -0.000000   50.0000     0.2037
  -13.600     0.000  -0.643966   0.056833   0.009613   0.066446  -0.000000   0.000000   0.157760  -0.000000  -0.000000   50.0000     0.2035
  -13.500     0.000  -0.639665   0.056068   0.009574   0.065641  -0.000000   0.000000   0.156750  -0.000000  -0.000000   50.0000     0.2035
  -13.400     0.000  -0.635358   0.055306   0.009535   0.064841  -0.000000   0.000000   0.155737  -0.000000  -0.000000   50.0000     0.2034
  -13.200     0.000  -0.626727   0.053796   0.009459   0.063255  -0.000000   0.000000   0.153706  -0.000000  -0.000000   50.0000     0.2033
  -13.000     0.000  -0.618071   0.052304   0.009383   0.061688  -0.000000   0.000000   0.151667  -0.000000  -0.000000   50.0000     0.2032
  -12.800     0.000  -0.609393   0.050830   0.009308   0.060138  -0.000000   0.000000   0.149620  -0.000000  -0.000000   50.0000     0.2031
  -12.600     0.000  -0.600692   0.049374   0.009233   0.058607  -0.000000   0.000000   0.147566  -0.000000  -0.000000   50.0000     0.2030
  -12.500     0.000  -0.596333   0.048653   0.009196   0.057849  -0.000000   0.000000   0.146535  -0.000000  -0.000000   50.0000     0.2030
  -12.400     0.000  -0.591968   0.047936   0.009160   0.057096  -0.000000   0.000000   0.145503  -0.000000  -0.000000   50.0000     0.2029
  -12.200     0.000  -0.583223   0.046517   0.009087   0.055603  -0.000000   0.000000   0.143434  -0.000000  -0.000000   50.0000     0.2028
  -12.000     0.000  -0.574455   0.045116   0.009014   0.054130  -0.000000   0.000000   0.141357  -0.000000  -0.000000   50.0000     0.2027
  -11.800     0.000  -0.565666   0.043733   0.008942   0.052676  -0.000000   0.000000   0.139272  -0.000000  -0.000000   50.0000     0.2026
  -11.600     0.000  -0.556855   0.042370   0.008872   0.051242  -0.000000   0.000000   0.137181  -0.000000  -0.000000   50.0000     0.2025
  -11.500     0.000  -0.552442   0.041696   0.008837   0.050533  -0.000000   0.000000   0.136132  -0.000000  -0.000000   50.0000     0.2025
  -11.400     0.000  -0.548023   0.041026   0.008802   0.049828  -0.000000   0.000000   0.135082  -0.000000  -0.000000   50.0000     0.2024
  -11.200     0.000  -0.539171   0.039701   0.008733   0.048434  -0.000000   0.000000   0.132976  -0.000000  -0.000000   50.0000     0.2024
  -11.000     0.000  -0.530298   0.038395   0.008663   0.047058  -0.000000   0.000000   0.130864  -0.000000  -0.000000   50.0000     0.2023
  -10.800     0.000  -0.521405   0.037109   0.008594   0.045703  -0.000000   0.000000   0.128744  -0.000000  -0.000000   50.0000     0.2022
  -10.600     0.000  -0.512493   0.035843   0.008525   0.044368  -0.000000   0.000000   0.126618  -0.000000  -0.000000   50.0000     0.2021
  -10.500     0.000  -0.508029   0.035217   0.008492   0.043709  -0.000000   0.000000   0.125552  -0.000000  -0.000000   50.0000     0.2021
  -10.400     0.000  -0.503561   0.034597   0.008458   0.043055  -0.000000   0.000000   0.124485  -0.000000  -0.000000   50.0000     0.2020
  -10.200     0.000  -0.494610   0.033370   0.008392   0.041762  -0.000000   0.000000   0.122346  -0.000000  -0.000000   50.0000     0.2020
  -10.000     0.000  -0.485640   0.032164   0.008327   0.040491  -0.000000   0.000000   0.120200  -0.000000  -0.000000   50.0000     0.2019
   -9.800     0.000  -0.476652   0.030978   0.008263   0.039241  -0.000000   0.000000   0.118048  -0.000000  -0.000000   50.0000     0.2018
   -9.600     0.000  -0.467646   0.029813   0.008199   0.038012  -0.000000   0.000000   0.115890  -0.000000  -0.000000   50.0000     0.2018
   -9.500     0.000  -0.463136   0.029238   0.008167   0.037405  -0.000000   0.000000   0.114808  -0.000000  -0.000000   50.0000     0.2017
   -9.400     0.000  -0.458621   0.028668   0.008136   0.036803  -0.000000   0.000000   0.113725  -0.000000  -0.000000   50.0000     0.2017
   -9.200     0.000  -0.449580   0.027544   0.008072   0.035616  -0.000000   0.000000   0.111555  -0.000000  -0.000000   50.0000     0.2016
   -9.000     0.000  -0.440521   0.026441   0.008008   0.034449  -0.000000   0.000000   0.109379  -0.000000  -0.000000   50.0000     0.2016
   -8.800     0.000  -0.431446   0.025358   0.007945   0.033303  -0.000000   0.000000   0.107196  -0.000000  -0.000000   50.0000     0.2015
   -8.600     0.000  -0.422354   0.024297   0.007883   0.032180  -0.000000   0.000000   0.105008  -0.000000  -0.000000   50.0000     0.2015
   -8.500     0.000  -0.417802   0.023775   0.007852   0.031627  -0.000000   0.000000   0.103912  -0.000000  -0.000000   50.0000     0.2014
   -8.400     0.000  -0.413246   0.023258   0.007822   0.031079  -0.000000   0.000000   0.102815  -0.000000  -0.000000   50.0000     0.2014
   -8.200     0.000  -0.404122   0.022239   0.007762   0.030001  -0.000000   0.000000   0.100616  -0.000000  -0.000000   50.0000     0.2014
   -8.000     0.000  -0.394983   0.021242   0.007704   0.028946  -0.000000   0.000000   0.098412  -0.000000  -0.000000   50.0000     0.2013
   -7.800     0.000  -0.385828   0.020267   0.007647   0.027914  -0.000000   0.000000   0.096202  -0.000000  -0.000000   50.0000     0.2013
   -7.600     0.000  -0.376659   0.019314   0.007590   0.026903  -0.000000   0.000000   0.093988  -0.000000  -0.000000   50.0000     0.2012
   -7.500     0.000  -0.372069   0.018845   0.007561   0.026406  -0.000000   0.000000   0.092878  -0.000000  -0.000000   50.0000     0.2012
   -7.400     0.000  -0.367476   0.018382   0.007533   0.025915  -0.000000   0.000000   0.091768  -0.000000  -0.000000   50.0000     0.2012
   -7.200     0.000  -0.358278   0.017473   0.007476   0.024949  -0.000000   0.000000   0.089543  -0.000000  -0.000000   50.0000     0.2012
   -7.000     0.000  -0.349067   0.016585   0.007421   0.024006  -0.000000   0.000000   0.087314  -0.000000  -0.000000   50.0000     0.2012
   -6.800     0.000  -0.339842   0.015720   0.007366   0.023086  -0.000000   0.000000   0.085079  -0.000000  -0.000000   50.0000     0.2011
   -6.600     0.000  -0.330605   0.014877   0.007313   0.022190  -0.000000   0.000000   0.082840  -0.000000  -0.000000   50.0000     0.2011
   -6.500     0.000  -0.325981   0.014464   0.007287   0.021751  -0.000000   0.000000   0.081719  -0.000000  -0.000000   50.0000     0.2011
   -6.400     0.000  -0.321354   0.014057   0.007261   0.021318  -0.000000   0.000000   0.080597  -0.000000  -0.000000   50.0000     0.2011
   -6.200     0.000  -0.312091   0.013259   0.007211   0.020470  -0.000000   0.000000   0.078349  -0.000000  -0.000000   50.0000     0.2011
   -6.000     0.000  -0.302817   0.012483   0.007163   0.019647  -0.000000   0.000000   0.076097  -0.000000  -0.000000   50.0000     0.2011
   -5.800     0.000  -0.293530   0.011731   0.007116   0.018847  -0.000000   0.000000   0.073841  -0.000000  -0.000000   50.0000     0.2011
   -5.600     0.000  -0.284233   0.011001   0.007070   0.018071  -0.000000   0.000000   0.071581  -0.000000  -0.000000   50.0000     0.2011
   -5.500     0.000  -0.279580   0.010645   0.007047   0.017692  -0.000000   0.000000   0.070449  -0.000000  -0.000000   50.0000     0.2011
   -5.400     0.000  -0.274924   0.010294   0.007024   0.017318  -0.000000   0.000000   0.069316  -0.000000  -0.000000   50.0000     0.2011
   -5.000     0.000  -0.256276   0.008949   0.006933   0.015882  -0.000000   0.000000   0.064776  -0.000000  -0.000000   50.0000     0.2012
   -4.500     0.000  -0.232910   0.007398   0.006822   0.014220  -0.000000   0.000000   0.059080  -0.000000  -0.000000   50.0000     0.2013
   -4.000     0.000  -0.209488   0.005993   0.006725   0.012719  -0.000000   0.000000   0.053363  -0.000000  -0.000000   50.0000     0.2014
   -3.500     0.000  -0.186016   0.004735   0.006638   0.011374  -0.000000   0.000000   0.047627  -0.000000  -0.000000   50.0000     0.2017
   -3.000     0.000  -0.162500   0.003625   0.006557   0.010182  -0.000000   0.000000   0.041873  -0.000000  -0.000000   50.0000     0.2020
   -2.500     0.000  -0.138944   0.002663   0.006483   0.009146  -0.000000   0.000000   0.036103  -0.000000  -0.000000   50.0000     0.2025
   -2.000     0.000  -0.115355   0.001850   0.006428   0.008278  -0.000000   0.000000   0.030319  -0.000000  -0.000000   50.0000     0.2033
   -1.500     0.000  -0.091738   0.001188   0.006380   0.007568   0.000000   0.000000   0.024523  -0.000000  -0.000000   50.0000     0.2044
   -1.000     0.000  -0.068099   0.000676   0.006342   0.007018   0.000000   0.000000   0.018715  -0.000000  -0.000000   50.0000     0.2065
   -0.500     0.000  -0.044445   0.000314   0.006313   0.006627   0.000000   0.000000   0.012898  -0.000000  -0.000000   50.0000     0.2107
    0.000     0.000  -0.020780   0.000104   0.006302   0.006406   0.000000   0.000000   0.007074  -0.000000  -0.000000   50.0000     0.2248
    0.500     0.000   0.002890   0.000045   0.006298   0.006343  -0.000000  -0.000000   0.001244  -0.000000   0.000000   50.0000     0.0088
    1.000     0.000   0.026559   0.000137   0.006299   0.006436  -0.000000  -0.000000  -0.004591  -0.000000   0.000000   50.0000     0.1778
    1.500     0.000   0.050220   0.000381   0.006310   0.006690  -0.000000  -0.000000  -0.010428  -0.000000  -0.000000   50.0000     0.1875
    2.000     0.000   0.073869   0.000775   0.006338   0.007114  -0.000000  -0.000000  -0.016266  -0.000000  -0.000000   50.0000     0.1910
    2.500     0.000   0.097500   0.001320   0.006375   0.007696  -0.000000  -0.000000  -0.022103  -0.000000  -0.000000   50.0000     0.1929
    3.000     0.000   0.121107   0.002016   0.006419   0.008435  -0.000000  -0.000000  -0.027937  -0.000000  -0.000000   50.0000     0.1940
    3.500     0.000   0.144683   0.002861   0.006477   0.009338  -0.000000  -0.000000  -0.033767  -0.000000  -0.000000   50.0000     0.1948
    4.000     0.000   0.168224   0.003855   0.006550   0.010405  -0.000000  -0.000000  -0.039591  -0.000000  -0.000000   50.0000     0.1954
    4.500     0.000   0.191724   0.004997   0.006630   0.011627  -0.000000  -0.000000  -0.045408  -0.000000  -0.000000   50.0000     0.1959
    5.000     0.000   0.215177   0.006287   0.006716   0.013003  -0.000000  -0.000000  -0.051215  -0.000000  -0.000000   50.0000     0.1963
    5.500     0.000   0.238577   0.007723   0.006817   0.014540  -0.000000  -0.000000  -0.057011  -0.000000  -0.000000   50.0000     0.1967
    6.000     0.000   0.261919   0.009304   0.006928   0.016232  -0.000000  -0.000000  -0.062795  -0.000000  -0.000000   50.0000     0.1970
    6.500     0.000   0.285197   0.011029   0.007043   0.018073  -0.000000  -0.000000  -0.068564  -0.000000  -0.000000   50.0000     0.1973
    7.000     0.000   0.308406   0.012897   0.007160   0.020057  -0.000000  -0.000000  -0.074317  -0.000000  -0.000000   50.0000     0.1976
    7.500     0.000   0.331540   0.014907   0.007288   0.022195  -0.000000  -0.000000  -0.080053  -0.000000  -0.000000   50.0000     0.1979
    8.000     0.000   0.354594   0.017056   0.007425   0.024481  -0.000000  -0.000000  -0.085769  -0.000000  -0.000000   50.0000     0.1982
    8.500     0.000   0.377562   0.019343   0.007566   0.026909  -0.000000  -0.000000  -0.091463  -0.000000  -0.000000   50.0000     0.1984
    9.000     0.000   0.400439   0.021767   0.007708   0.029475  -0.000000  -0.000000  -0.097135  -0.000000  -0.000000   50.0000     0.1987
    9.500     0.000   0.423219   0.024325   0.007861   0.032186  -0.000000  -0.000000  -0.102782  -0.000000  -0.000000   50.0000     0.1990
   10.000     0.000   0.445898   0.027015   0.008019   0.035034  -0.000000  -0.000000  -0.108403  -0.000000  -0.000000   50.0000     0.1992
   10.500     0.000   0.468469   0.029836   0.008176   0.038012  -0.000000  -0.000000  -0.113995  -0.000000  -0.000000   50.0000     0.1995
   11.000     0.000   0.490929   0.032785   0.008336   0.041121  -0.000000  -0.000000  -0.119558  -0.000000  -0.000000   50.0000     0.1998
   11.500     0.000   0.513272   0.035861   0.008503   0.044364  -0.000000  -0.000000  -0.125089  -0.000000  -0.000000   50.0000     0.2001
   12.000     0.000   0.535492   0.039060   0.008674   0.047733  -0.000000  -0.000000  -0.130587  -0.000000  -0.000000   50.0000     0.2004
   12.500     0.000   0.557585   0.042380   0.008847   0.051226  -0.000000  -0.000000  -0.136051  -0.000000  -0.000000   50.0000     0.2007
   13.000     0.000   0.579546   0.045818   0.009024   0.054842  -0.000000  -0.000000  -0.141478  -0.000000  -0.000000   50.0000     0.2010
   13.500     0.000   0.601370   0.049373   0.009203   0.058576  -0.000000  -0.000000  -0.146867  -0.000000  -0.000000   50.0000     0.2013
   14.000     0.000   0.623052   0.053040   0.009388   0.062429  -0.000000  -0.000000  -0.152216  -0.000000  -0.000000   50.0000     0.2017
   14.500     0.000   0.644588   0.056819   0.009579   0.066398  -0.000000  -0.000000  -0.157525  -0.000000  -0.000000   50.0000     0.2020
   15.000     0.000   0.665973   0.060704   0.009771   0.070475  -0.000000  -0.000000  -0.162790  -0.000000  -0.000000   50.0000     0.2024
   15.500     0.000   0.687202   0.064694   0.009971   0.074665  -0.000000  -0.000000  -0.168012  -0.000000  -0.000000   50.0000     0.2027
   16.000     0.000   0.708272   0.068786   0.010183   0.078968  -0.000000  -0.000000  -0.173188  -0.000000  -0.000000   50.0000     0.2031
   16.500     0.000   0.729177   0.072975   0.010405   0.083380  -0.000000  -0.000000  -0.178317  -0.000000  -0.000000   50.0000     0.2035
   17.000     0.000   0.749913   0.077260   0.010641   0.087901  -0.000000  -0.000000  -0.183398  -0.000000  -0.000000   50.0000     0.2038
   17.500     0.000   0.770477   0.081636   0.010912   0.092548  -0.000000  -0.000000  -0.188432  -0.000000  -0.000000   50.0000     0.2042
   18.000     0.000   0.790864   0.086101   0.011171   0.097272  -0.000000  -0.000000  -0.193412   0.000000  -0.000000   50.0000     0.2046
   18.500     0.000   0.811071   0.090650   0.011426   0.102076  -0.000000  -0.000000  -0.198339   0.000000  -0.000000   50.0000     0.2051
   19.000     0.000   0.831092   0.095281   0.011706   0.106987  -0.000000  -0.000000  -0.203212   0.000000  -0.000000   50.0000     0.2055
   19.500     0.000   0.850925   0.099989   0.012001   0.111990  -0.000000  -0.000000  -0.208031   0.000000  -0.000000   50.0000     0.2059
   20.000     0.000   0.870566   0.104771   0.012319   0.117090  -0.000000  -0.000000  -0.212794   0.000000  -0.000000   50.0000     0.2064
   20.500     0.000   0.890012   0.109624   0.012674   0.122298  -0.000000  -0.000000  -0.217502   0.000000  -0.000000   50.0000     0.2068
   21.000     0.000   0.909258   0.114543   0.013019   0.127562  -0.000000  -0.000000  -0.222149   0.000000  -0.000000   50.0000     0.2073
   21.500     0.000   0.928301   0.119524   0.013360   0.132885  -0.000000  -0.000000  -0.226733   0.000000  -0.000000   50.0000     0.2078
   22.000     0.000   0.947139   0.124565   0.013711   0.138275  -0.000000  -0.000000  -0.231255   0.000000  -0.000000   50.0000     0.2083
   22.500     0.000   0.965767   0.129660   0.014170   0.143830  -0.000000  -0.000000  -0.235725   0.000000  -0.000000   50.0000     0.2088
   23.000     0.000   0.984183   0.134806   0.014691   0.149497  -0.000000  -0.000000  -0.240138   0.000000  -0.000000   50.0000     0.2093
   23.500     0.000   1.002385   0.139999   0.015216   0.155215  -0.000000  -0.000000  -0.244485   0.000000  -0.000000   50.0000     0.2098
   24.000     0.000   1.020368   0.145234   0.015842   0.161076  -0.000000  -0.000000  -0.248777   0.000000  -0.000000   50.0000     0.2103